#No dipsersion
#Harms 2-9
[0.1374345318278438, 26.635144662985585, 105.40956517558163, 0.002543749620983372, 0.09999964265331973, 0.03680930622682377, 0.00025837861838533954, 9.999999995682877e-09, 9.015751797923143, 6.283185246246063, 5.396071154219001, 0.5999999956199635]
#Harms 3-9
[0.16819386199089562, 235.95237794390601, 1.8166215479267827, 0.009991375394706483, -0.01959727951741641, 0.0004969830574630407, 9.99999999999983e-11, 9.015510807864212, 2.742624402866155, 5.167596373342754, 0.5999999999998522]
[0.21519729791241207, 5538.774018735321, 337.3311708841324, 0.00024514954700032433, 0.024541232296804577, -0.03079007667533093, -0.0026435640805777825, 3.844782069380389e-10, 9.024690315469778, 6.22974446358445, 3.8457123855758604, 0.4762343505797527]
[0.251987711993072, 2478.48197118612, 146.45965854698971, 0.00028696507417684146, 0.00927644480019807, -0.0498382201911832, -0.005337341446429491, 6.139860724401661e-10, 9.008879151305566, 4.425479311671646, 6.2492891063476375, 0.400039644826292]
[0.32727767552485654, 2541.8037201787974, 122.7944119222891, 0.00995326458263042, 0.4999995922284407, -0.005090250667743296, 0.009911879638392245, 9.988719050665174e-08, 9.015376662036651, 5.270414139518155, 4.0383169886326105, 0.43526602625846966]
#Harms 4-9
[0.4552218982346744, 5270.4408162629625, 246.9553868054285, 0.0007189574304662149, -0.0004466871496304342, -0.01684003250984744, 0.006940420127988156, 8.715237132817298e-10, 9.01929253893883, 6.204461829491082, 3.362447012723359, 0.4192965662578816]
[0.35833421249829545, 4258.089041631726, 188.21922026661616, 0.00022071487955753434, 0.09980026526491612, -0.004552550987593919, 0.00013103123181220852, 9.961819871433594e-10, 9.014416801461518, 4.303244676751122, 3.9832124434548213, 0.40475377742189445]
?
[0.09697815401024124, 1402.253346131699, 44.89213558997179, 0.0099999940168685, -0.09999987329688759, -0.0021043583105850167, 0.004253540459051236, 9.999999839273741e-10, 9.007010411969024, 1.5707963546117558, 3.7947720325499885, 0.5999999929826378]
6-9
[0.13194311074737944, 5659.683583183069, 800.7060399302977, 7.946243489919579e-05, -0.06230383136124096, 0.011626444106162107, -0.0072886008690939835, 8.314872688920555e-10, 9.019973830626688, 1.930846573276371, 4.80469704301203, 0.4089514500510874]
[0.12202251004358497, 8492.167806665728, 1144.2649154032783, 0.00018757066849191262, 0.01594655990200937, -0.019164454528663118, -0.008513894036641502, 8.592876953174815e-10, 9.012793884770819, 1.7338903181632743, 5.0265104374089375, 0.46388993106580645]
#E0 DISPERSION
#EXP1
#3-9
[0.15636571599954574, 0.0999998025459087, 250.9520207033767, 62.57070454568673, 0.007968801327043591, -0.49999992227330253, 0.1499983541497175, -0.0014486283994622432, 2.1876761269912337e-08, 9.015745545774259, 6.283185269703513, 5.082256428922492, 0.5999999447140119]
#4-9
[0.11237152951609311, 0.07644722646671542, 287.2742289934655, 643.7906963415154, 0.004991103258510869, 0.3086235118315259, -0.07117239085521287, -0.009148049410312858, 6.477627790480894e-08, 9.008758495179752, 1.5759395215646395, 3.1647696202710103, 0.5999444391284415]
#5-9
[0.15473166775848401, 0.07948089054573267, 798.0906145218061, 401.0944384172805, 0.0035511274421461216, -0.24102201067077444, -0.12239428088951614, 0.009988390009080706, 5.073451875794843e-08, 9.014425342778514, 1.7240320711892805, 3.4089275987159207, 0.4471804184895354]
#6-9
[0.39989163727041843, 0.07784794097415758, 1714.6073405649875, 909.5724698545953, 0.008033474416582136, -0.38769967258768395, 0.06223304276623909, -0.003524340513529337, 2.904937870317723e-08, 9.008879107533312, 5.9820865697753085, 3.151233407271436, 0.5259214658955653]

#EXP2
#3-9
[0.10001206661402458, 0.008773868123266691, 7467.445570855951, 215.52165258536436, 0.006151170556432203, 0.4297131155834232, -0.06084159135142772, 0.005202692767953234, 3.3535682663861915e-08, 9.008879156634883, 1.708581260953607, 3.554100532230432, 0.552597757387048]
[0.36370099007962986, 0.09999999778217822, 75.15026429947407, 53.94522330473111, 0.0016619492950944767, 0.1584337299584564, 0.14999998784272586, -0.0019095456707682573, 7.212585369110878e-08, 9.015319966379668, 4.901560001562176, 6.283161425154976, 0.5999999822247304]
#4-9
[0.21171700719192305, 0.07899719907193867, 2476.4446841152608, 453.13868298761594, 0.0016533320087773107, -0.4930798525625287, 0.11567151955970026, -0.00858075548082209, 8.569435487825683e-08, 9.014423072364405, 2.9643878359893754, 4.976407775605014, 0.4000273006772477]
#5-9
[0.28799138626335796, 0.04157266759695371, 367.9091553984785, 1098.5858632662794, 0.0028469832912108796, 0.23380213604716382, -0.02208228316869984, 0.006985476687723318, 7.875004241720357e-08, 9.014423075784167, 1.5813537709608292, 5.092735256884573, 0.42651490568771966]
#6-9
[0.12886291118173798, 0.023482358835102073, 2153.482952326946, 1197.2684281553406, 0.004259784847808127, -0.2540034613184684, -0.06032834038048682, -0.009605693969747312, 4.563501513729929e-08, 9.014423074761288, 5.894661107194227, 3.2912317109282148, 0.4209404259426505]
#time_series
#NODISP
[0.1323344839793261, 8.439305794165604, 32.129571420325696, 0.0038661162192220517, -0.03397713786397259, 0.0026026961458140083, 4.403070990011245e-09, 9.015215428806911, 4.866870933553302, 5.331933302017616, 0.5999999979234201]
#fourier#nodisp (and correct frequency!)
[0.12643980046579342, 0.10000000036031134, 172.88237820491923, 0.005215520040093038, -0.09999999949375657, 0.004154542920140725, 9.99999899831826e-09, 9.015036237186864, 1.5707963453183433, 4.786018598134927, 0.599999990515868]
[0.12507495159411816, 33.93022425336646, 106.03381567994647, 0.0009207418012056803, -0.06078555586506871, 0.007911096302224863, 9.999999969684856e-09, 9.015309922238156, 3.5826519085392947, 6.112190624374686, 0.599999997087641]
0.23449030178378097, 17.309449466321066, 106.96763508342268, 0.04212514631028971, -0.09999998841572955, 5.998251906128016e-06, 4.378848258266178e-08, 9.017197576723236, 6.283185304254533, 5.1973311117845435, 0.5999999934553761
#4-9
[-0.07576917391499663, 9999.996758069025, 154.2024759146606, 0.00020281810436082834, -0.09999999939591869, 0.013654604535761575, 6.916017920223191e-10, 9.014593926285656, 2.093215609945269, 6.096664555189102, 0.5999999843428705]
